10 2 1,00E-005 2,35E-007 1,27E-004 3,97E-004 80
10 2 1,00E-005 6,59E-010 6,70E-006 5,08E-005 53
10 2 1,00E-005 2,00E-028 3,03E-021 1,44E-021 1000
10 2 1,00E-005 3,00E-028 5,00E-028 5,00E-028 1000
10 2 1,00E-005 6,00E-028 4,00E-028 2,00E-028 1000
10 2 1,00E-005 2,00E-028 4,00E-028 1,90E-027 1000
10 2 1,00E-005 2,99E-003 3,82E-001 2,43E-004 34
10 2 1,00E-005 0,00E+000 3,00E-028 4,00E-028 1000
10 2 1,00E-005 5,16E-018 1,11E-009 8,21E-009 1000
10 2 1,00E-005 6,19E-023 3,74E-012 2,81E-011 1000
10 2 1,00E-008 2,00E-028 7,00E-028 5,00E-028 1000
10 2 1,00E-008 3,89E-005 7,03E-004 2,10E-002 1000
10 2 1,00E-008 4,37E-011 1,19E-005 4,25E-006 149
10 2 1,00E-008 4,00E-028 3,13E-020 2,09E-019 1000
10 2 1,00E-008 1,48E-016 2,63E-009 3,42E-008 750
10 2 1,00E-008 2,16E-016 3,34E-009 2,19E-008 78
10 2 1,00E-008 2,00E-028 8,00E-028 3,00E-028 1000
10 2 1,00E-008 1,78E-014 6,78E-008 4,70E-007 195
10 2 1,00E-008 7,00E-028 4,00E-028 4,00E-028 1000
10 2 1,00E-008 2,79E-012 4,13E-008 4,48E-006 51
10 50 1,00E-005 1,52E-004 1,27E-002 2,28E-001 669
10 50 1,00E-005 5,00E-027 5,83E-019 2,05E-014 1000
10 50 1,00E-005 8,00E-027 0,00E+000 1,00E-025 1000
10 50 1,00E-005 5,00E-027 4,00E-028 1,95E-024 1000
10 50 1,00E-005 8,96E-005 1,53E-004 3,19E+000 135
10 50 1,00E-005 2,00E-027 5,00E-028 1,00E-025 1000
10 50 1,00E-005 3,00E-027 4,00E-028 1,00E-025 1000
10 50 1,00E-005 6,00E-027 1,00E-028 5,00E-026 1000
10 50 1,00E-005 2,69E-007 1,40E-004 3,08E-002 75
10 50 1,00E-005 2,60E-005 1,95E-003 5,39E-001 43
10 50 1,00E-008 4,00E-027 2,16E-015 8,66E-012 1000
10 50 1,00E-008 1,58E-013 3,32E-007 2,29E-005 533
10 50 1,00E-008 5,00E-027 1,00E-028 3,10E-025 1000
10 50 1,00E-008 7,27E-017 8,01E-009 1,55E-007 1000
10 50 1,00E-008 2,00E-027 5,00E-028 4,00E-025 1000
10 50 1,00E-008 1,00E-026 2,00E-028 1,61E-025 1000
10 50 1,00E-008 9,93E-010 1,91E-005 6,27E-004 545
10 50 1,00E-008 5,00E-027 3,51E-014 2,04E-012 1000
10 50 1,00E-008 2,00E-027 6,00E-028 5,90E-025 1000
10 50 1,00E-008 2,50E-012 1,95E-007 5,94E-005 1000
30 2 1,00E-005 1,68E-006 1,84E-004 6,53E-004 137
30 2 1,00E-005 1,00E-027 9,00E-028 1,00E-027 1000
30 2 1,00E-005 3,91E+000 7,88E-001 4,53E-001 1000
30 2 1,00E-005 6,02E-008 1,47E-005 8,27E-004 610
30 2 1,00E-005 4,00E-028 3,00E-028 1,30E-027 1000
30 2 1,00E-005 2,34E-008 2,67E-005 5,32E-004 188
30 2 1,00E-005 1,74E-006 8,19E-005 4,55E-003 74
30 2 1,00E-005 5,91E-005 7,08E-004 2,49E-002 1000
30 2 1,00E-005 1,83E-022 1,28E-012 3,59E-011 1000
30 2 1,00E-005 5,06E-006 4,11E-004 1,50E-003 98
30 2 1,00E-008 2,53E-012 7,48E-007 5,36E-006 371
30 2 1,00E-008 2,94E-020 1,22E-010 5,93E-011 1000
30 2 1,00E-008 4,45E-016 1,65E-009 7,21E-008 1000
30 2 1,00E-008 2,00E+000 3,56E-001 2,23E+000 1000
30 2 1,00E-008 2,63E-014 2,20E-007 3,56E-008 1000
30 2 1,00E-008 7,07E-021 5,35E-011 2,91E-011 1000
30 2 1,00E-008 1,85E-012 4,51E-007 8,69E-007 145
30 2 1,00E-008 2,76E-012 9,92E-007 5,76E-007 500
30 2 1,00E-008 1,14E-008 1,49E-004 2,14E-005 1000
30 2 1,00E-008 1,00E-028 1,20E-020 2,47E-018 1000
30 50 1,00E-005 2,25E-003 4,20E-004 2,12E+001 1000
30 50 1,00E-005 8,22E-005 1,49E-003 3,16E-001 208
30 50 1,00E-005 4,00E-027 1,14E-022 1,33E-020 1000
30 50 1,00E-005 1,61E+001 6,26E-002 1,61E+003 1000
30 50 1,00E-005 4,39E-007 1,30E-005 1,61E-002 1000
30 50 1,00E-005 8,00E-027 4,40E-017 5,46E-012 1000
30 50 1,00E-005 1,65E-006 2,19E-003 3,17E-002 1000
30 50 1,00E-005 4,74E-003 6,51E-003 3,09E+001 1000
30 50 1,00E-005 1,56E+001 7,56E-002 1,37E+003 1000
30 50 1,00E-005 1,11E-012 1,06E-007 4,90E-004 1000
30 50 1,00E-008 6,15E-012 8,22E-007 9,48E-004 426
30 50 1,00E-008 8,30E-002 8,45E-003 1,12E+002 1000
30 50 1,00E-008 1,68E-009 4,18E-006 1,89E-002 1000
30 50 1,00E-008 5,98E-011 4,06E-006 6,22E-004 165
30 50 1,00E-008 5,71E-022 2,29E-012 1,07E-008 1000
30 50 1,00E-008 1,30E-026 6,13E-019 1,74E-014 1000
30 50 1,00E-008 1,30E-012 6,85E-009 4,65E-004 151
30 50 1,00E-008 7,57E-005 2,82E-003 1,65E-001 1000
30 50 1,00E-008 7,00E-027 9,33E-018 7,60E-016 1000
30 50 1,00E-008 1,56E-011 2,79E-007 2,47E-004 339
50 2 1,00E-005 3,08E-023 2,80E-012 2,13E-011 1000
50 2 1,00E-005 3,91E-007 8,19E-004 1,16E-004 1000
50 2 1,00E-005 4,00E-028 8,96E-017 1,26E-016 1000
50 2 1,00E-005 4,00E-028 3,50E-027 1,30E-027 1000
50 2 1,00E-005 2,13E-017 4,19E-010 1,58E-009 1000
50 2 1,00E-005 6,92E-005 1,62E-002 9,52E-004 1000
50 2 1,00E-005 7,01E-008 7,40E-006 9,99E-004 566
50 2 1,00E-005 4,20E-018 1,05E-009 7,00E-010 1000
50 2 1,00E-005 1,36E-007 1,10E-003 1,32E-003 1000
50 2 1,00E-005 7,94E-012 1,42E-006 1,10E-005 1000
50 2 1,00E-008 7,56E-004 1,36E-002 1,01E-001 1000
50 2 1,00E-008 6,00E-028 5,70E-027 1,30E-027 1000
50 2 1,00E-008 4,00E-028 2,11E-025 4,11E-026 1000
50 2 1,00E-008 9,01E-010 1,51E-004 6,00E-005 616
50 2 1,00E-008 6,75E-014 1,92E-008 8,81E-007 507
50 2 1,00E-008 6,82E-006 1,15E-003 9,07E-003 1000
50 2 1,00E-008 1,01E-007 1,43E-005 1,18E-003 1000
50 2 1,00E-008 7,06E-025 1,51E-014 3,19E-012 1000
50 2 1,00E-008 3,22E-009 4,20E-004 1,33E-005 1000
50 2 1,00E-008 3,06E-013 2,78E-007 2,14E-006 930
50 50 1,00E-005 8,94E-005 4,26E-004 3,41E+000 140
50 50 1,00E-005 1,00E-026 4,75E-018 4,26E-016 1000
50 50 1,00E-005 3,63E-004 2,13E-002 6,43E-001 289
50 50 1,00E-005 1,09E-003 5,63E-003 7,24E-001 732
50 50 1,00E-005 1,28E-008 1,32E-006 3,50E-003 1000
50 50 1,00E-005 1,71E-003 4,57E-003 6,83E-001 954
50 50 1,00E-005 9,17E-020 1,74E-011 4,24E-008 1000
50 50 1,00E-005 5,92E-002 3,25E-004 1,18E+002 1000
50 50 1,00E-005 2,14E-005 1,19E-002 7,24E-002 1000
50 50 1,00E-005 5,03E-007 9,71E-006 2,77E-001 144
50 50 1,00E-005 4,31E-006 3,16E-005 8,82E-001 541
50 50 1,00E-005 3,98E-002 1,92E-002 9,16E+001 1000
50 50 1,00E-005 9,19E-018 1,77E-011 1,42E-006 1000
50 50 1,00E-008 4,41E-011 6,66E-007 3,22E-003 652
50 50 1,00E-008 5,55E-012 2,30E-007 1,06E-003 282
50 50 1,00E-008 1,59E+000 1,18E-002 5,07E+002 1000
50 50 1,00E-008 9,85E-020 2,95E-012 1,43E-007 1000
50 50 1,00E-008 4,69E-010 3,00E-005 7,64E-004 1000
50 50 1,00E-008 1,67E-001 3,99E-003 1,90E+002 1000
50 50 1,00E-008 1,43E-012 1,12E-008 3,85E-004 828
50 50 1,00E-008 2,67E-005 1,07E-002 1,18E-001 1000
50 50 1,00E-008 1,51E-023 1,24E-014 1,56E-009 1000
50 50 1,00E-008 2,50E-026 3,97E-015 5,58E-012 1000
