-49,560000000000000000000000000000 

-0,002083738358043825090949661000 -0,002634005257080950366441512800 0,011475136778081557299333143400 0,998588676228301453649811178800 0,010998110306937289328460172000 0,000018069184513041128025046400 -0,006420342641173533917067582200 0,000935020067934799997453536200 -0,009557875840017878252763898000 0,003862227959047353455083133000 0,000729995054326834319063183400 0,004850973735600927067438019000 0,008155225276885591320227312600 0,010463262445351291906572295000 -0,005225849083631473008184657000 0,010314131442503664697496351000 -0,000463293890914357226256931200 0,003546860458679754074339335200 -0,006668974620072970556431676200 -0,003413871260663776337005052200 -0,008412048619430939631818518400 0,007954777790020929223375639800 -0,011289626483747675310660321200 0,009795907230669664492775259400 0,011053281550317106179636894400 0,004221925192086945414938358200 -0,009500777216956670419886678800 -0,010072968059869618112221682200 -0,004087249536849750568616140600 0,007195390195552882433379879400 -0,008416626146174243213357198400 -0,003908725993860910888607619600 0,006057754338611855484661611600 -0,003924385953772212614924156400 -0,010138258046576737617326013200 -0,009465361615311111131140049000 0,008182208592425065064034268600 -0,010429051456006601981388476000 0,010244504851513415483565902200 -0,004589091021391927428883008800 -0,010504460186041024140420415400 0,001305558811682216229374056400 0,001207744292851623908073841000 -0,005947411851852221782308166600 0,010258237431743326228181942200 0,009514509797186581164502718800 -0,006543213095862209000474256600 -0,010896922873664262789184087200 -0,010407609357051127309970448400 0,001101979332835293787259076200 

-49,559999999999999999999999975000

0,002083738358043104299815522000 0,002634005257080039231111469500 -0,011475136778077587906140979300 -0,998588676228301941844338148100 -0,010998110306933484944684770400 -0,000018069184513034877668350900 0,006420342641171313040326494000 -0,000935020067934476562329060200 0,009557875840014572064086182100 -0,003862227959046017462173966200 -0,000729995054326581804652680300 -0,004850973735599249055010467800 -0,008155225276882770325905355400 -0,010463262445347672533355083700 0,005225849083629665321690194100 -0,010314131442500096910556401000 0,000463293890914196967111255200 -0,003546860458678527170989029300 0,006668974620070663674782456300 0,003413871260662595436280025000 0,008412048619428029799093394000 -0,007954777790018177566343958300 0,011289626483743770087796897100 -0,009795907230666275966065339800 -0,011053281550313282711439048900 -0,004221925192085484998261903300 0,009500777216953383982336121100 0,010072968059866133746709096400 0,004087249536848336737931591000 -0,007195390195550393458005593500 0,008416626146171331797208377300 0,003908725993859558811447222700 -0,006057754338690350049048973900 0,003924385953770855120787956800 0,010138258046573230667191233800 0,009465361615307836944288614700 -0,008182208592422234735846312600 0,010429051456002994442179941800 -0,010244504851509871781333752700 0,004589091021390340004958499500 0,010504460186037390516389938200 -0,001305558811681764620268275400 -0,001207744292851206134232305700 0,005947411851850164498236325100 -0,010258237431739777775678704000 -0,009514509797183289976681072400 0,006543213095859945621307638100 0,010896922873660493407406181100 0,010407609357047527187851859700 -0,001101979332834912598838732500 

1000

0,000000000005581889685306225000

